startingpos=|150, 110, 0 , 1|
sectornumber=5
sector one
wall=4,60000, 000|100,100,140,140,2|160,140,200,100,4|140,140,160,140,5|100,100,200,100,0
sector two
wall=4,60000, 000|100,100,140,140,1|140,160,100,200,3|140,140,140,160,5|100,100,100,200,0
sector three
wall=4,60000, 000|160,160,200,200,4|140,160,100,200,2|140,160,160,160,5|100,200,200,200,0
sector four
wall=4,60000, 000|160,160,200,200,3|160,140,200,100,1|160,160,160,140,5|200,200,200,100,0
sector five
wall=4,60000, 3000|140,140,160,140,1|140,160,160,160,3|140,140,140,160,2|160,160,160,140,4
