startingpos=|80, 100, 0, 1|
sectornumber=14
sector one
wall=12,20000,-10000|70,65,90,65,2|80,155,100,155,7|35,130,40,140,14|90,65,100,70,0|100,70,120,100,0|120,100,120,110,0|120,110,100,155,0|80,155,50,150,0|50,150,40,140,0|35,130,40,100,0|40,100,60,70,0|60,70,70,65,0
sector two
wall=4,500,-9000|70,60,90,60,3|70,65,90,65,1|70,60,70,65,0|90,65,90,60,0
sector three
wall=11,6000,-9500|55,30,55,35,4|95,27,100,28,5|70,60,90,60,2|90,60,105,55,0|105,55,105,30,0|105,30,100,28,0|95,27,90,25,0|90,25,70,25,0|70,25,55,30,0|55,35,55,55,0|55,55,70,60,0
sector four
wall=4,500,-9500|55,30,55,35,3|52,30,52,35,0|52,30,55,30,0|52,35,55,35,0
sector five
wall=4,500,-9000|97,24,102,25,6|95,27,100,28,3|95,27,97,24,0|102,25,100,28,0
sector sex
wall=6,6000,-9500|97,24,102,25,5|102,25,110,30,0|110,30,115,20,0|115,20,95,10,0|95,10,90,20,0|90,20,97,24,0
sector seven
wall=4,500,-9500|80,160,100,160,8|80,155,100,155,1|80,155,80,160,0|100,155,100,160,0
sector eight
wall=7,6000,-9500|60,160,60,169,9|80,160,100,160,7|100,160,110,160,0|110,160,110,180,0|110,180,60,180,0|60,180,60,165,0|60,160,80,160,0
sector nine
wall=4,500,-7500|55,165,55,160,10|60,165,60,160,8|60,165,55,165,0|60,160,55,160,0
sector ten
wall=4,2500,-5500|50,157,47,161,11|55,160,55,165,9|50,157,55,160,0|47,161,55,165,0
sector eleveven
wall=4,4500,-3500|45,153,42,156,12|50,157,47,161,10|50,157,45,153,0|47,161,42,156,0
sector twelve
wall=4,6500,-3000|43,149,38,151,13|42,156,45,153,11|42,156,38,151,0|43,149,45,153,0
sector treze xDDDDD
wall=7,10000,-2500|34,131,39,141,14|38,151,43,149,12|39,141,43,149,0|38,151,30,155,0|30,155,20,132,0|20,132,32,127,0|32,127,34,131,0
sector fourteenu desuyo
wall=4,7500,-1000|35,130,40,140,1|39,141,34,131,13|34,131,35,130,0|40,140,39,141,0
