startingpos=|20, 12, 0 , 1|
sectornumber=6
sector one
wall=4,20000,-10000|10,30,30,30,2|30,30,30,10,0|30,10,10,10,0|10,10,10,30,0
sector two
wall=4,18000,-8000|10,40,30,40,3|10,30,30,30,1|10,30,10,40,0|30,30,30,40,0
sector three
wall=4,16000,-6000|10,50,30,50,4|10,40,30,40,2|10,40,10,50,0|30,40,30,50,0
sector four
wall=4,14000,-4000|10,60,30,60,5|10,50,30,50,3|10,50,10,60,0|30,50,30,60,0
sector five
wall=4,12000,-2000|10,70,30,70,6|10,60,30,60,4|10,60,10,70,0|30,60,30,70,0
sector sex
wall=4,10000,0|10,70,30,70,5|10,200,30,200,0|10,70,10,200,0|30,70,30,200,0
