startingpos=|20, 100, 3 , 6|
sectornumber=6
sector one
wall=4,200,-200
|10,30,30,30,2,6,6
|30,30,30,10,0,6
|30,10,10,10,0,6
|10,10,10,30,0,6

sector two
wall=4,225,-175
|10,40,30,40,3,6,6
|10,30,30,30,1,6,6
|10,30,10,40,0,6
|30,30,30,40,0,6

sector three
wall=4,250,-150
|10,50,30,50,4,6,6
|10,40,30,40,2,6,6
|10,40,10,50,0,6
|30,40,30,50,0,6

sector four
wall=4,275,-125
|10,60,30,60,5,6,6
|10,50,30,50,3,6,6
|10,50,10,60,0,6
|30,50,30,60,0,6

sector five
wall=4,300,-100
|10,70,30,70,6,6,6
|10,60,30,60,4,6,6
|10,60,10,70,0,6
|30,60,30,70,0,6

sector sex
wall=4,325,-75
|10,70,30,70,5,6,6
|10,200,30,200,0,6
|10,70,10,200,0,6
|30,70,30,200,0,6
